_C_22ee2_5a5707e8_3 8c 0 58 0 0 20736574 0 666c6167 0 69665f 
_C_23af0_5a5708e7_1 8c 0 40 0 0 66736462 0 6763642e 
_C_22ee2_5a5707e8_9 8c 0 68 0 0 6e707574 0 69732069 0 61746120 0 64 
_C_22ee2_5a5707e8_5 8c 0 90 0 0 74657374 0 20697320 0 74617465 0 78742073 0 6e65 
_C_22ee2_5a5707e8_1 8c 0 58 0 0 20736574 0 666c6167 0 65715f 
_C_22ee2_5a5707e8_7 8c 0 68 0 0 646f6e65 0 65203220 0 70646174 0 75 
_C_22ee2_5a5707e8_a 8c 0 48 0 0 65746564 0 6f6d706c 0 63 
_C_22ee2_5a5707e8_4 8c 0 60 0 0 65736574 0 6e672072 0 64757269 
_C_22ee2_5a5707e8_6 8c 0 38 0 0 61746531 0 757064 
_C_22ee2_5a5707e8_8 8c 0 38 0 0 61746532 0 757064 
_C_22ee2_5a5707e8_2 8c 0 78 0 0 20736574 0 206e6f74 0 666c6167 0 657120 
_C_23af0_5a5708e7_2 94 0 20 0 0 0 
